% Joshu Fenemore's Data from 2007 on Waiting Times at Orbiter Bust Stop
%The raw data -- the waiting times i minutes for each direction
antiTimes=[8 3 7 18 18 3 7 9 9 25 0 0 25 6 10 0 10 8 16 9 1 5 16 6 4 1 3 21 0 28 3 8 ...
    6 6 11 8 10 15 0 8 7 11 10 9 12 13 8 10 11 8 7 11 5 9 11 14 13 5 8 9 12 10 13 6 11 13];
clockTimes=[0 0 11 1 9 5 14 16 2 10 21 1 14 2 10 24 6 1 14 14 0 14 4 11 15 0 10 2 13 2 22 ...
    10 5 6 13 1 13 10 11 4 7 9 12 8 16 15 14 5 10 12 9 8 0 5 13 13 6 8 4 13 15 7 11 6 23 1];
sampleTimes=[antiTimes clockTimes];% pool all times into 1 array